**** Average Performance ****
f(x) = (6x - 2)^2 * sin(12x - 4)
gDe: -38.76155
hCl: -40.80495
sAn: -33.8454
mLa: -177.994
gAl: -177.994

**** Average Performance ****
f(x) = -2x^3 * sin(x^5 + 4)
gDe: -3.6241
hCl: -3.01745
sAn: -2.45905
mLa: -15.597
gAl: -14.8865

**** Average Performance ****
f(x) = 3x^3 * cos(3x^3 + 3)
gDe: -5.61815
hCl: -6.18035
sAn: -3.1048
mLa: -21.795
gAl: -20.70965

